10
66
116
118
120
122
130
133
143
145
168
205
543
604
837
865
1008
1449
1459
1460
1461
1463
1953
2120
2121
2136
2137
2138
2139
2855
2948
3140
5143
5144
5145
6117
6131
6141
6143
7300
7301
7302
7320
7322
7744
8400
8401
8402
8406
8407
8408
8412
8413
8416
8417
8422
8423
8427
8437
8438
8439
8444
8445
8446
8450
8451
8455
8457
8458
8461
8462
8492
8494
8495
10148
10149
10150
10151
10156
10157
10159
10160
10161
10169
10170
10173
10174
10177
10179
10180
10181
10185
10186
10187
10191
10192
10193
10197
10199
10201
10202
10205
10206
10207
10211
10212
10215
10216
10219
10220
10223
10225
10230
11426
11958
12051
12472
12824
12825
12826
13031
13032
13033
20589
22782
22783
23028
25304
25306
25345
26297
27070
27071
27072
27073
27074
27075
27078
27079
27080
27082
27085
27086
27087
27088
27124
27125
27126
27127
27128
27130
27131
27134
28609
28730
30449
30451
30455
30482
31687
32796
33405
33944
33946
38692
38697
38699
38704
42832
42833
42841
42842
42843
42846
42858
42859
42872
42873
42894
42896
42897
42913
42914
42917
42920
42921
42925
42926
42930
42931
42939
42940
42995
43002
43008
43010
43012
43015
43017
43019
43020
43023
43024
43038
43039
43045
43046
44572
44614
45438
47610
50305
55342
55502
59548
59752
63644
63645
72898
33395
